[gd_scene load_steps=29 format=3 uid="uid://bl0fcbjjnqeux"]

[ext_resource type="Script" path="res://Scenes/TrainingProgram/parts/GameplayLoop/parts/Structure3DContainer/parts/room_nodes.gd" id="1_fhdg3"]
[ext_resource type="Material" uid="uid://b4dnsatkufi37" path="res://Shader/ScreenSaver/ScreenSaver.tres" id="2_7nwk1"]
[ext_resource type="FontFile" uid="uid://gev2kme45ctq" path="res://Fonts/Mx437_Portfolio_6x8.ttf" id="3_batgf"]
[ext_resource type="LabelSettings" uid="uid://cwas73lpm1tqt" path="res://Fonts/game/label_medium.tres" id="4_2d0xm"]
[ext_resource type="PackedScene" uid="uid://wo1fm5yw1mj7" path="res://Scenes/TrainingProgram/parts/GameplayLoop/parts/Structure3DContainer/parts/RoomNode3d.tscn" id="4_b2h6u"]
[ext_resource type="FontFile" uid="uid://cmbf3fsdcpk2b" path="res://Fonts/Ac437_IBM_Model3x_Alt2.ttf" id="4_gg0ij"]
[ext_resource type="LabelSettings" uid="uid://bhvjm3opd1txx" path="res://Fonts/game/label_small.tres" id="5_312tc"]
[ext_resource type="PackedScene" uid="uid://b8hw5jenpkiw8" path="res://UI/Buttons/TextBtn/TextBtn.tscn" id="7_gytyc"]

[sub_resource type="ViewportTexture" id="ViewportTexture_u0dki"]
viewport_path = NodePath("SubViewport")

[sub_resource type="Environment" id="Environment_ngmdl"]
ambient_light_source = 1
ambient_light_color = Color(1, 1, 1, 1)
reflected_light_source = 1
tonemap_mode = 2
tonemap_exposure = 0.62
ssr_fade_in = 2.23928
ssr_depth_tolerance = 31.21
ssao_enabled = true
ssao_radius = 6.51
ssil_intensity = 8.26
ssil_sharpness = 0.29
sdfgi_enabled = true
sdfgi_use_occlusion = true
sdfgi_read_sky_light = false
sdfgi_cascades = 1
glow_enabled = true
fog_enabled = true
volumetric_fog_enabled = true
adjustment_enabled = true
adjustment_contrast = 1.5

[sub_resource type="StandardMaterial3D" id="StandardMaterial3D_hldmr"]
albedo_color = Color(0.400614, 0.1771, 0.347313, 1)
metallic = 0.73
metallic_specular = 1.0
clearcoat_enabled = true
clearcoat = 0.47
clearcoat_roughness = 1.0

[sub_resource type="BoxMesh" id="BoxMesh_kw1d3"]
material = SubResource("StandardMaterial3D_hldmr")
flip_faces = true
size = Vector3(30, 8, 30)

[sub_resource type="StandardMaterial3D" id="StandardMaterial3D_opsu7"]
albedo_color = Color(0.122252, 0.122252, 0.122252, 1)
metallic = 1.0
metallic_specular = 0.43
emission = Color(0, 1, 0, 1)
emission_energy_multiplier = 8.7
emission_operator = 1
clearcoat = 0.69
backlight = Color(0, 0.662728, 1.54018e-06, 1)
refraction_scale = -0.57
grow = true

[sub_resource type="BoxMesh" id="BoxMesh_n6uvr"]
material = SubResource("StandardMaterial3D_opsu7")
size = Vector3(21, 5.5, 1)

[sub_resource type="FogMaterial" id="FogMaterial_0edq6"]
density = 0.8218
emission = Color(0.385469, 0.544101, 0.543483, 1)
height_falloff = 6.45476
edge_fade = 7.10118

[sub_resource type="StandardMaterial3D" id="StandardMaterial3D_ygf5b"]
albedo_color = Color(0, 0, 0, 1)

[sub_resource type="CapsuleMesh" id="CapsuleMesh_l2d6o"]
material = SubResource("StandardMaterial3D_ygf5b")

[sub_resource type="StandardMaterial3D" id="StandardMaterial3D_wqj7c"]
transparency = 1
albedo_color = Color(0.137255, 0.137255, 0.137255, 0.917647)

[sub_resource type="PlaneMesh" id="PlaneMesh_d0f4m"]
material = SubResource("StandardMaterial3D_wqj7c")
size = Vector2(50, 50)

[sub_resource type="ViewportTexture" id="ViewportTexture_10m8w"]
viewport_path = NodePath("ControlSubViewport")

[sub_resource type="ViewportTexture" id="ViewportTexture_yhbag"]
viewport_path = NodePath("ControlMenuSubviewport")

[sub_resource type="StyleBoxEmpty" id="StyleBoxEmpty_tyf3d"]

[sub_resource type="StyleBoxFlat" id="StyleBoxFlat_08svg"]
bg_color = Color(0, 0.529412, 0.278431, 1)
corner_radius_top_left = 5
corner_radius_top_right = 5
corner_radius_bottom_right = 5
corner_radius_bottom_left = 5

[sub_resource type="StyleBoxLine" id="StyleBoxLine_8f5st"]
color = Color(1, 1, 1, 1)
grow_begin = 0.0
grow_end = 0.0

[sub_resource type="StyleBoxFlat" id="StyleBoxFlat_fkhf3"]
bg_color = Color(0.510764, 0.00166744, 0.716704, 1)

[sub_resource type="StyleBoxFlat" id="StyleBoxFlat_puxs3"]
bg_color = Color(0.510764, 0.00166744, 0.716704, 1)
corner_radius_top_left = 5
corner_radius_top_right = 5
corner_radius_bottom_right = 5
corner_radius_bottom_left = 5

[sub_resource type="StyleBoxLine" id="StyleBoxLine_nkr4v"]
color = Color(1, 1, 1, 1)
grow_end = -5.0

[sub_resource type="StyleBoxFlat" id="StyleBoxFlat_q6yjw"]
bg_color = Color(0, 0.254902, 0.0823529, 1)

[node name="RoomNodes" type="Control"]
layout_mode = 3
anchors_preset = 15
anchor_right = 1.0
anchor_bottom = 1.0
grow_horizontal = 2
grow_vertical = 2
script = ExtResource("1_fhdg3")

[node name="TextureRect" type="TextureRect" parent="."]
material = ExtResource("2_7nwk1")
layout_mode = 0
offset_right = 40.0
offset_bottom = 40.0
texture = SubResource("ViewportTexture_u0dki")
stretch_mode = 6

[node name="SubViewport" type="SubViewport" parent="."]
transparent_bg = true
size = Vector2i(1920, 1080)

[node name="RoomColumn" type="Node3D" parent="SubViewport"]
transform = Transform3D(1, 0, 0, 0, 1, 0, 0, 0, 1, 0, 2, 0)

[node name="WorldEnvironment" type="WorldEnvironment" parent="SubViewport/RoomColumn"]
environment = SubResource("Environment_ngmdl")

[node name="FloorMesh" type="MeshInstance3D" parent="SubViewport/RoomColumn"]
transform = Transform3D(1, 0, 0, 0, 1, 0, 0, 0, 1, 0, 2.3, 0)
layers = 16
mesh = SubResource("BoxMesh_kw1d3")

[node name="LeftFloorLabel" type="Label3D" parent="SubViewport/RoomColumn/FloorMesh"]
transform = Transform3D(-0.999847, -0.0174523, 3.82137e-15, 7.62868e-10, -4.37047e-08, 0.999999, -0.0174523, 0.999848, 4.37113e-08, 6.37123, -3.74746, -10.6009)
pixel_size = 0.01
shaded = true
double_sided = false
modulate = Color(1, 1, 1, 0.52549)
text = "FLOOR 1"
font_size = 240
outline_size = 0
uppercase = true
line_spacing = 20.0

[node name="RightFloorLabel" type="Label3D" parent="SubViewport/RoomColumn/FloorMesh"]
transform = Transform3D(-4.37113e-08, 1, 4.37113e-08, 0, -4.37114e-08, 0.999999, 0.999999, 4.37114e-08, 1.91068e-15, -10.255, -3.74746, 4.99461)
pixel_size = 0.01
shaded = true
double_sided = false
modulate = Color(1, 1, 1, 0.52549)
text = "wing a"
font_size = 240
outline_size = 0
uppercase = true
line_spacing = 20.0

[node name="RightBoard" type="MeshInstance3D" parent="SubViewport/RoomColumn"]
transform = Transform3D(-1, 0, 8.74228e-08, 0, 1, 0, -8.74228e-08, 0, -1, -0.319073, 3.20563, 15.2335)
mesh = SubResource("BoxMesh_n6uvr")
skeleton = NodePath("../../..")

[node name="SpotLight3D" type="SpotLight3D" parent="SubViewport/RoomColumn/RightBoard"]
transform = Transform3D(0.717035, -0.492742, 0.493017, 0.234449, 0.836584, 0.495137, -0.656425, -0.239443, 0.715383, 7.4959, 8.99649, 13.9021)
light_color = Color(0.221437, 0.825462, 0.584747, 1)
light_energy = 0.01
shadow_enabled = true
spot_range = 21.0229
spot_attenuation = -3.11
spot_angle = 8.39
spot_angle_attenuation = 1.41421

[node name="RightBoardRoomLabels" type="Node3D" parent="SubViewport/RoomColumn/RightBoard"]
transform = Transform3D(1, 0, -1.06581e-14, 0, 1, 0, 1.06581e-14, 0, 1, 0.941055, 2.47272, 0.522508)

[node name="0" type="Label3D" parent="SubViewport/RoomColumn/RightBoard/RightBoardRoomLabels"]
transform = Transform3D(1, 0, 0, 0, 1, 0, 0, 0, 1, 4, -0.708123, 0)
pixel_size = 0.025
shaded = true
modulate = Color(0.984314, 0.439216, 0.184314, 1)
outline_modulate = Color(1, 1, 1, 0)
text = "x  room name"
font = ExtResource("3_batgf")
font_size = 16
outline_size = 0
horizontal_alignment = 0
uppercase = true
line_spacing = 20.0
autowrap_mode = 3
width = 150.0

[node name="Status" type="Label3D" parent="SubViewport/RoomColumn/RightBoard/RightBoardRoomLabels/0"]
transform = Transform3D(1, 0, 0, 0, 1, 0, 0, 0, 1, 0, -0.6, 0)
pixel_size = 0.035
shaded = true
modulate = Color(0.524946, 1, 0.445033, 1)
outline_modulate = Color(1, 1, 1, 0)
text = "RESEARCHING"
font = ExtResource("3_batgf")
font_size = 8
outline_size = 0
horizontal_alignment = 0
uppercase = true
line_spacing = 20.0
width = 150.0

[node name="2" type="Label3D" parent="SubViewport/RoomColumn/RightBoard/RightBoardRoomLabels"]
transform = Transform3D(1, 0, 0, 0, 1, 0, 0, 0, 1, 4, -2.36723, 0)
pixel_size = 0.025
shaded = true
modulate = Color(0.524946, 1, 0.445033, 1)
outline_modulate = Color(1, 1, 1, 0)
text = "x  room name"
font = ExtResource("3_batgf")
font_size = 16
outline_size = 0
horizontal_alignment = 0
uppercase = true
line_spacing = 20.0
autowrap_mode = 3
width = 150.0

[node name="Status" type="Label3D" parent="SubViewport/RoomColumn/RightBoard/RightBoardRoomLabels/2"]
transform = Transform3D(1, 0, 0, 0, 1, 0, 0, 0, 1, 0, -0.6, 0)
pixel_size = 0.035
shaded = true
modulate = Color(0.524946, 1, 0.445033, 1)
outline_modulate = Color(1, 1, 1, 0)
text = "RESEARCHING"
font = ExtResource("3_batgf")
font_size = 8
outline_size = 0
horizontal_alignment = 0
uppercase = true
line_spacing = 20.0
width = 150.0

[node name="5" type="Label3D" parent="SubViewport/RoomColumn/RightBoard/RightBoardRoomLabels"]
transform = Transform3D(1, 0, 0, 0, 1, 0, 0, 0, 1, 4, -4.04931, 0)
pixel_size = 0.025
shaded = true
modulate = Color(0.524946, 1, 0.445033, 1)
outline_modulate = Color(1, 1, 1, 0)
text = "x  room name"
font = ExtResource("3_batgf")
font_size = 16
outline_size = 0
horizontal_alignment = 0
uppercase = true
line_spacing = 20.0
autowrap_mode = 3
width = 150.0

[node name="Status" type="Label3D" parent="SubViewport/RoomColumn/RightBoard/RightBoardRoomLabels/5"]
transform = Transform3D(1, 0, 0, 0, 1, 0, 0, 0, 1, 0, -0.6, 0)
pixel_size = 0.035
shaded = true
modulate = Color(0.524946, 1, 0.445033, 1)
outline_modulate = Color(1, 1, 1, 0)
text = "RESEARCHING"
font = ExtResource("3_batgf")
font_size = 8
outline_size = 0
horizontal_alignment = 0
uppercase = true
line_spacing = 20.0
width = 150.0

[node name="1" type="Label3D" parent="SubViewport/RoomColumn/RightBoard/RightBoardRoomLabels"]
transform = Transform3D(1, 0, 0, 0, 1, 0, 0, 0, 1, -2.642, -0.708123, 0)
pixel_size = 0.025
shaded = true
modulate = Color(0.524946, 1, 0.445033, 1)
outline_modulate = Color(1, 1, 1, 0)
text = "x  Research Lab"
font = ExtResource("3_batgf")
font_size = 16
horizontal_alignment = 0
line_spacing = 20.0
width = 150.0

[node name="Status" type="Label3D" parent="SubViewport/RoomColumn/RightBoard/RightBoardRoomLabels/1"]
transform = Transform3D(1, 0, 0, 0, 1, 0, 0, 0, 1, 0, -0.6, 0)
pixel_size = 0.035
shaded = true
modulate = Color(0.524946, 1, 0.445033, 1)
outline_modulate = Color(1, 1, 1, 0)
text = "RESEARCHING"
font = ExtResource("3_batgf")
font_size = 8
outline_size = 0
horizontal_alignment = 0
uppercase = true
line_spacing = 20.0
width = 150.0

[node name="4" type="Label3D" parent="SubViewport/RoomColumn/RightBoard/RightBoardRoomLabels"]
transform = Transform3D(1, 0, 0, 0, 1, 0, 0, 0, 1, -2.642, -2.36723, 0)
pixel_size = 0.025
shaded = true
modulate = Color(0.524946, 1, 0.445033, 1)
outline_modulate = Color(1, 1, 1, 0)
text = "x  room name"
font = ExtResource("3_batgf")
font_size = 16
horizontal_alignment = 0
uppercase = true
line_spacing = 20.0
width = 150.0

[node name="Status" type="Label3D" parent="SubViewport/RoomColumn/RightBoard/RightBoardRoomLabels/4"]
transform = Transform3D(1, 0, 0, 0, 1, 0, 0, 0, 1, 0, -0.6, 0)
pixel_size = 0.035
shaded = true
modulate = Color(0.524946, 1, 0.445033, 1)
outline_modulate = Color(1, 1, 1, 0)
text = "RESEARCHING"
font = ExtResource("3_batgf")
font_size = 8
outline_size = 0
horizontal_alignment = 0
uppercase = true
line_spacing = 20.0
width = 150.0

[node name="7" type="Label3D" parent="SubViewport/RoomColumn/RightBoard/RightBoardRoomLabels"]
transform = Transform3D(1, 0, 0, 0, 1, 0, 0, 0, 1, -2.642, -4.04931, 0)
pixel_size = 0.025
shaded = true
modulate = Color(0.524946, 1, 0.445033, 1)
outline_modulate = Color(1, 1, 1, 0)
text = "x  room name"
font = ExtResource("3_batgf")
font_size = 16
horizontal_alignment = 0
uppercase = true
line_spacing = 20.0
width = 150.0

[node name="Status" type="Label3D" parent="SubViewport/RoomColumn/RightBoard/RightBoardRoomLabels/7"]
transform = Transform3D(1, 0, 0, 0, 1, 0, 0, 0, 1, 0, -0.6, 0)
pixel_size = 0.035
shaded = true
modulate = Color(0.524946, 1, 0.445033, 1)
outline_modulate = Color(1, 1, 1, 0)
text = "RESEARCHING"
font = ExtResource("3_batgf")
font_size = 8
outline_size = 0
horizontal_alignment = 0
uppercase = true
line_spacing = 20.0
width = 150.0

[node name="3" type="Label3D" parent="SubViewport/RoomColumn/RightBoard/RightBoardRoomLabels"]
transform = Transform3D(1, 0, 0, 0, 1, 0, 0, 0, 1, -9, -0.708123, 1.90735e-06)
pixel_size = 0.025
shaded = true
modulate = Color(0.524946, 1, 0.445033, 1)
outline_modulate = Color(1, 1, 1, 0)
text = "x  room name"
font = ExtResource("3_batgf")
font_size = 16
horizontal_alignment = 0
uppercase = true
line_spacing = 20.0
autowrap_mode = 2
width = 150.0

[node name="Status" type="Label3D" parent="SubViewport/RoomColumn/RightBoard/RightBoardRoomLabels/3"]
transform = Transform3D(1, 0, 0, 0, 1, 0, 0, 0, 1, 0, -0.6, 0)
pixel_size = 0.035
shaded = true
modulate = Color(0.524946, 1, 0.445033, 1)
outline_modulate = Color(1, 1, 1, 0)
text = "RESEARCHING"
font = ExtResource("3_batgf")
font_size = 8
outline_size = 0
horizontal_alignment = 0
uppercase = true
line_spacing = 20.0
width = 150.0

[node name="6" type="Label3D" parent="SubViewport/RoomColumn/RightBoard/RightBoardRoomLabels"]
transform = Transform3D(1, 0, 0, 0, 1, 0, 0, 0, 1, -9, -2.36723, 4.76837e-06)
pixel_size = 0.025
shaded = true
modulate = Color(0.524946, 1, 0.445033, 1)
outline_modulate = Color(1, 1, 1, 0)
text = "x  room name"
font = ExtResource("3_batgf")
font_size = 16
horizontal_alignment = 0
uppercase = true
line_spacing = 20.0
autowrap_mode = 2
width = 150.0

[node name="Status" type="Label3D" parent="SubViewport/RoomColumn/RightBoard/RightBoardRoomLabels/6"]
transform = Transform3D(1, 0, 0, 0, 1, 0, 0, 0, 1, 0, -0.6, 0)
pixel_size = 0.035
shaded = true
modulate = Color(0.524946, 1, 0.445033, 1)
outline_modulate = Color(1, 1, 1, 0)
text = "RESEARCHING"
font = ExtResource("3_batgf")
font_size = 8
outline_size = 0
horizontal_alignment = 0
uppercase = true
line_spacing = 20.0
width = 150.0

[node name="8" type="Label3D" parent="SubViewport/RoomColumn/RightBoard/RightBoardRoomLabels"]
transform = Transform3D(1, 0, 0, 0, 1, 0, 0, 0, 1, -9, -4.04931, 3.8147e-06)
pixel_size = 0.025
shaded = true
modulate = Color(0.524946, 1, 0.445033, 1)
outline_modulate = Color(1, 1, 1, 0)
text = "x  room name"
font = ExtResource("3_batgf")
font_size = 16
horizontal_alignment = 0
uppercase = true
line_spacing = 20.0
autowrap_mode = 2
width = 150.0

[node name="Status" type="Label3D" parent="SubViewport/RoomColumn/RightBoard/RightBoardRoomLabels/8"]
transform = Transform3D(1, 0, 0, 0, 1, 0, 0, 0, 1, 0, -0.6, 0)
pixel_size = 0.035
shaded = true
modulate = Color(0.524946, 1, 0.445033, 1)
outline_modulate = Color(1, 1, 1, 0)
text = "RESEARCHING"
font = ExtResource("3_batgf")
font_size = 8
outline_size = 0
horizontal_alignment = 0
uppercase = true
line_spacing = 20.0
width = 150.0

[node name="LeftBoard" type="MeshInstance3D" parent="SubViewport/RoomColumn"]
transform = Transform3D(-4.37114e-08, 0, -1, 0, 1, 0, 1, 0, -4.37114e-08, 15.233, 3.20563, -0.459461)
mesh = SubResource("BoxMesh_n6uvr")
skeleton = NodePath("../../..")

[node name="LeftWallLabel" type="Label3D" parent="SubViewport/RoomColumn/LeftBoard"]
transform = Transform3D(1, 0, -1.06581e-14, 0, 1, 0, 1.06581e-14, 0, 1, -8.96184, -3.3019, 0.399371)
pixel_size = 0.003
shaded = true
modulate = Color(0.572549, 0.572549, 0.572549, 0.52549)
text = "directory"
font_size = 200
uppercase = true
line_spacing = 20.0

[node name="LeftBoardRoomLabels" type="Node3D" parent="SubViewport/RoomColumn/LeftBoard"]
transform = Transform3D(1, 0, -1.06581e-14, 0, 1, 0, 1.06581e-14, 0, 1, -0.0527551, 2.66723, 0.517871)

[node name="0" type="Label3D" parent="SubViewport/RoomColumn/LeftBoard/LeftBoardRoomLabels"]
transform = Transform3D(1, 0, 0, 0, 1, 0, 0, 0, 1, 4, -0.708123, 0)
pixel_size = 0.025
shaded = true
modulate = Color(0.984314, 0.439216, 0.184314, 1)
outline_modulate = Color(1, 1, 1, 0)
text = "x  room name"
font = ExtResource("3_batgf")
font_size = 16
outline_size = 0
horizontal_alignment = 0
uppercase = true
line_spacing = 20.0
autowrap_mode = 3
width = 150.0

[node name="Status" type="Label3D" parent="SubViewport/RoomColumn/LeftBoard/LeftBoardRoomLabels/0"]
transform = Transform3D(1, 0, 0, 0, 1, 0, 0, 0, 1, 0, -0.6, 0)
pixel_size = 0.035
shaded = true
modulate = Color(0.524946, 1, 0.445033, 1)
outline_modulate = Color(1, 1, 1, 0)
text = "RESEARCHING"
font = ExtResource("3_batgf")
font_size = 8
outline_size = 0
horizontal_alignment = 0
uppercase = true
line_spacing = 20.0
width = 150.0

[node name="2" type="Label3D" parent="SubViewport/RoomColumn/LeftBoard/LeftBoardRoomLabels"]
transform = Transform3D(1, 0, 0, 0, 1, 0, 0, 0, 1, 4, -2.36723, 0)
pixel_size = 0.025
shaded = true
modulate = Color(0.524946, 1, 0.445033, 1)
outline_modulate = Color(1, 1, 1, 0)
text = "x  room name"
font = ExtResource("3_batgf")
font_size = 16
outline_size = 0
horizontal_alignment = 0
uppercase = true
line_spacing = 20.0
autowrap_mode = 3
width = 150.0

[node name="Status" type="Label3D" parent="SubViewport/RoomColumn/LeftBoard/LeftBoardRoomLabels/2"]
transform = Transform3D(1, 0, 0, 0, 1, 0, 0, 0, 1, 0, -0.6, 0)
pixel_size = 0.035
shaded = true
modulate = Color(0.524946, 1, 0.445033, 1)
outline_modulate = Color(1, 1, 1, 0)
text = "RESEARCHING"
font = ExtResource("3_batgf")
font_size = 8
outline_size = 0
horizontal_alignment = 0
uppercase = true
line_spacing = 20.0
width = 150.0

[node name="5" type="Label3D" parent="SubViewport/RoomColumn/LeftBoard/LeftBoardRoomLabels"]
transform = Transform3D(1, 0, 0, 0, 1, 0, 0, 0, 1, 4, -4.04931, 0)
pixel_size = 0.025
shaded = true
modulate = Color(0.524946, 1, 0.445033, 1)
outline_modulate = Color(1, 1, 1, 0)
text = "x  room name"
font = ExtResource("3_batgf")
font_size = 16
outline_size = 0
horizontal_alignment = 0
uppercase = true
line_spacing = 20.0
autowrap_mode = 3
width = 150.0

[node name="Status" type="Label3D" parent="SubViewport/RoomColumn/LeftBoard/LeftBoardRoomLabels/5"]
transform = Transform3D(1, 0, 0, 0, 1, 0, 0, 0, 1, 0, -0.6, 0)
pixel_size = 0.035
shaded = true
modulate = Color(0.524946, 1, 0.445033, 1)
outline_modulate = Color(1, 1, 1, 0)
text = "RESEARCHING"
font = ExtResource("3_batgf")
font_size = 8
outline_size = 0
horizontal_alignment = 0
uppercase = true
line_spacing = 20.0
width = 150.0

[node name="1" type="Label3D" parent="SubViewport/RoomColumn/LeftBoard/LeftBoardRoomLabels"]
transform = Transform3D(1, 0, 0, 0, 1, 0, 0, 0, 1, -2.642, -0.708123, 0)
pixel_size = 0.025
shaded = true
modulate = Color(0.524946, 1, 0.445033, 1)
outline_modulate = Color(1, 1, 1, 0)
text = "x  Research Lab"
font = ExtResource("3_batgf")
font_size = 16
horizontal_alignment = 0
line_spacing = 20.0
width = 150.0

[node name="Status" type="Label3D" parent="SubViewport/RoomColumn/LeftBoard/LeftBoardRoomLabels/1"]
transform = Transform3D(1, 0, 0, 0, 1, 0, 0, 0, 1, 0, -0.6, 0)
pixel_size = 0.035
shaded = true
modulate = Color(0.524946, 1, 0.445033, 1)
outline_modulate = Color(1, 1, 1, 0)
text = "RESEARCHING"
font = ExtResource("3_batgf")
font_size = 8
outline_size = 0
horizontal_alignment = 0
uppercase = true
line_spacing = 20.0
width = 150.0

[node name="4" type="Label3D" parent="SubViewport/RoomColumn/LeftBoard/LeftBoardRoomLabels"]
transform = Transform3D(1, 0, 0, 0, 1, 0, 0, 0, 1, -2.642, -2.36723, 0)
pixel_size = 0.025
shaded = true
modulate = Color(0.524946, 1, 0.445033, 1)
outline_modulate = Color(1, 1, 1, 0)
text = "x  room name"
font = ExtResource("3_batgf")
font_size = 16
horizontal_alignment = 0
uppercase = true
line_spacing = 20.0
width = 150.0

[node name="Status" type="Label3D" parent="SubViewport/RoomColumn/LeftBoard/LeftBoardRoomLabels/4"]
transform = Transform3D(1, 0, 0, 0, 1, 0, 0, 0, 1, 0, -0.6, 0)
pixel_size = 0.035
shaded = true
modulate = Color(0.524946, 1, 0.445033, 1)
outline_modulate = Color(1, 1, 1, 0)
text = "RESEARCHING"
font = ExtResource("3_batgf")
font_size = 8
outline_size = 0
horizontal_alignment = 0
uppercase = true
line_spacing = 20.0
width = 150.0

[node name="7" type="Label3D" parent="SubViewport/RoomColumn/LeftBoard/LeftBoardRoomLabels"]
transform = Transform3D(1, 0, 0, 0, 1, 0, 0, 0, 1, -2.642, -4.04931, 0)
pixel_size = 0.025
shaded = true
modulate = Color(0.524946, 1, 0.445033, 1)
outline_modulate = Color(1, 1, 1, 0)
text = "x  room name"
font = ExtResource("3_batgf")
font_size = 16
horizontal_alignment = 0
uppercase = true
line_spacing = 20.0
width = 150.0

[node name="Status" type="Label3D" parent="SubViewport/RoomColumn/LeftBoard/LeftBoardRoomLabels/7"]
transform = Transform3D(1, 0, 0, 0, 1, 0, 0, 0, 1, 0, -0.6, 0)
pixel_size = 0.035
shaded = true
modulate = Color(0.524946, 1, 0.445033, 1)
outline_modulate = Color(1, 1, 1, 0)
text = "RESEARCHING"
font = ExtResource("3_batgf")
font_size = 8
outline_size = 0
horizontal_alignment = 0
uppercase = true
line_spacing = 20.0
width = 150.0

[node name="3" type="Label3D" parent="SubViewport/RoomColumn/LeftBoard/LeftBoardRoomLabels"]
transform = Transform3D(1, 0, 0, 0, 1, 0, 0, 0, 1, -9, -0.708123, 1.90735e-06)
pixel_size = 0.025
shaded = true
modulate = Color(0.524946, 1, 0.445033, 1)
outline_modulate = Color(1, 1, 1, 0)
text = "x  room name"
font = ExtResource("3_batgf")
font_size = 16
horizontal_alignment = 0
uppercase = true
line_spacing = 20.0
autowrap_mode = 2
width = 150.0

[node name="Status" type="Label3D" parent="SubViewport/RoomColumn/LeftBoard/LeftBoardRoomLabels/3"]
transform = Transform3D(1, 0, 0, 0, 1, 0, 0, 0, 1, 0, -0.6, 0)
pixel_size = 0.035
shaded = true
modulate = Color(0.524946, 1, 0.445033, 1)
outline_modulate = Color(1, 1, 1, 0)
text = "RESEARCHING"
font = ExtResource("3_batgf")
font_size = 8
outline_size = 0
horizontal_alignment = 0
uppercase = true
line_spacing = 20.0
width = 150.0

[node name="6" type="Label3D" parent="SubViewport/RoomColumn/LeftBoard/LeftBoardRoomLabels"]
transform = Transform3D(1, 0, 0, 0, 1, 0, 0, 0, 1, -9, -2.36723, 4.76837e-06)
pixel_size = 0.025
shaded = true
modulate = Color(0.524946, 1, 0.445033, 1)
outline_modulate = Color(1, 1, 1, 0)
text = "x  room name"
font = ExtResource("3_batgf")
font_size = 16
horizontal_alignment = 0
uppercase = true
line_spacing = 20.0
autowrap_mode = 2
width = 150.0

[node name="Status" type="Label3D" parent="SubViewport/RoomColumn/LeftBoard/LeftBoardRoomLabels/6"]
transform = Transform3D(1, 0, 0, 0, 1, 0, 0, 0, 1, 0, -0.6, 0)
pixel_size = 0.035
shaded = true
modulate = Color(0.524946, 1, 0.445033, 1)
outline_modulate = Color(1, 1, 1, 0)
text = "RESEARCHING"
font = ExtResource("3_batgf")
font_size = 8
outline_size = 0
horizontal_alignment = 0
uppercase = true
line_spacing = 20.0
width = 150.0

[node name="8" type="Label3D" parent="SubViewport/RoomColumn/LeftBoard/LeftBoardRoomLabels"]
transform = Transform3D(1, 0, 0, 0, 1, 0, 0, 0, 1, -9, -4.04931, 3.8147e-06)
pixel_size = 0.025
shaded = true
modulate = Color(0.524946, 1, 0.445033, 1)
outline_modulate = Color(1, 1, 1, 0)
text = "x  room name"
font = ExtResource("3_batgf")
font_size = 16
horizontal_alignment = 0
uppercase = true
line_spacing = 20.0
autowrap_mode = 2
width = 150.0

[node name="Status" type="Label3D" parent="SubViewport/RoomColumn/LeftBoard/LeftBoardRoomLabels/8"]
transform = Transform3D(1, 0, 0, 0, 1, 0, 0, 0, 1, 0, -0.6, 0)
pixel_size = 0.035
shaded = true
modulate = Color(0.524946, 1, 0.445033, 1)
outline_modulate = Color(1, 1, 1, 0)
text = "RESEARCHING"
font = ExtResource("3_batgf")
font_size = 8
outline_size = 0
horizontal_alignment = 0
uppercase = true
line_spacing = 20.0
width = 150.0

[node name="SpotLight3D" type="SpotLight3D" parent="SubViewport/RoomColumn/LeftBoard"]
transform = Transform3D(0.717035, -0.492742, 0.493017, 0.234449, 0.836584, 0.495137, -0.656425, -0.239443, 0.715383, 7.4959, 8.99649, 13.9021)
light_color = Color(0.221437, 0.825462, 0.584747, 1)
light_energy = 0.01
shadow_enabled = true
spot_range = 21.0229
spot_attenuation = -3.11
spot_angle = 8.39
spot_angle_attenuation = 1.41421

[node name="NodeContainer" type="Node3D" parent="SubViewport/RoomColumn"]
transform = Transform3D(1, 0, 0, 0, 1, 0, 0, 0, 1, -4, 1.6, -3.133)

[node name="0" parent="SubViewport/RoomColumn/NodeContainer" instance=ExtResource("4_b2h6u")]
transform = Transform3D(1, 0, 0, 0, 1, 0, 0, 0, 1, 14, 0, 13)
room_number = 7
ref_index = 0

[node name="2" parent="SubViewport/RoomColumn/NodeContainer" instance=ExtResource("4_b2h6u")]
transform = Transform3D(1, 0, 0, 0, 1, 0, 0, 0, 1, 7, 0, 13)
room_number = 8
ref_index = 2

[node name="5" parent="SubViewport/RoomColumn/NodeContainer" instance=ExtResource("4_b2h6u")]
transform = Transform3D(1, 0, 0, 0, 1, 0, 0, 0, 1, 0, 0, 13)
room_number = 9
ref_index = 5

[node name="1" parent="SubViewport/RoomColumn/NodeContainer" instance=ExtResource("4_b2h6u")]
transform = Transform3D(1, 0, 0, 0, 1, 0, 0, 0, 1, 14, 0, 6)
room_number = 4
ref_index = 1

[node name="4" parent="SubViewport/RoomColumn/NodeContainer" instance=ExtResource("4_b2h6u")]
transform = Transform3D(1, 0, 0, 0, 1, 0, 0, 0, 1, 7, 0, 6)
room_number = 5
ref_index = 4

[node name="7" parent="SubViewport/RoomColumn/NodeContainer" instance=ExtResource("4_b2h6u")]
transform = Transform3D(1, 0, 0, 0, 1, 0, 0, 0, 1, 0, 0, 6)
room_number = 6
ref_index = 7

[node name="3" parent="SubViewport/RoomColumn/NodeContainer" instance=ExtResource("4_b2h6u")]
transform = Transform3D(1, 0, 0, 0, 1, 0, 0, 0, 1, 14, 0, -1)
room_number = 1
ref_index = 3

[node name="6" parent="SubViewport/RoomColumn/NodeContainer" instance=ExtResource("4_b2h6u")]
transform = Transform3D(1, 0, 0, 0, 1, 0, 0, 0, 1, 7, 0, -1)
room_number = 2
ref_index = 6

[node name="8" parent="SubViewport/RoomColumn/NodeContainer" instance=ExtResource("4_b2h6u")]
transform = Transform3D(1, 0, 0, 0, 1, 0, 0, 0, 1, 0, 0, -1)
room_number = 3
ref_index = 8

[node name="NormalLights" type="Node3D" parent="SubViewport/RoomColumn"]
visible = false

[node name="Frontlights" type="OmniLight3D" parent="SubViewport/RoomColumn/NormalLights"]
transform = Transform3D(1, 0, 0, 0, 1, -7.45058e-09, 0, 7.45058e-09, 1, -0.42984, 26.3554, -14.8911)
light_volumetric_fog_energy = 0.02
light_specular = 0.448
shadow_enabled = true
shadow_opacity = 0.37
omni_range = 32.8872
omni_attenuation = -1.0

[node name="Backlights" type="OmniLight3D" parent="SubViewport/RoomColumn/NormalLights"]
transform = Transform3D(1, 0, 0, 0, 1, -7.45058e-09, 0, 7.45058e-09, 1, 4.06079, 26.3554, 7.13662)
light_volumetric_fog_energy = 0.02
light_specular = 0.448
shadow_enabled = true
shadow_opacity = 0.37
omni_range = 32.8872
omni_attenuation = -1.0

[node name="FogVolume" type="FogVolume" parent="SubViewport/RoomColumn/NormalLights"]
transform = Transform3D(0.611122, 0.00742188, -0.791501, 0.00275932, 0.99993, 0.0115068, 0.791531, -0.00921612, 0.611059, -5.71933, -0.706925, 13.5801)
size = Vector3(32.5796, 3, 39.2004)
material = SubResource("FogMaterial_0edq6")

[node name="SpotLight3D" type="SpotLight3D" parent="SubViewport/RoomColumn/NormalLights"]
transform = Transform3D(0.690484, -0.714958, -0.10985, -0.430454, -0.528179, 0.73194, -0.581327, -0.458107, -0.672456, 0.107867, 14.8846, -7.84279)
light_color = Color(0.996723, 1, 0.762783, 1)
light_energy = 0.05
light_indirect_energy = 0.0
light_volumetric_fog_energy = 0.1
shadow_enabled = true
distance_fade_shadow = 0.0
spot_range = 23.56
spot_attenuation = -2.21
spot_angle = 59.2
spot_angle_attenuation = 1.23114

[node name="CautionLights" type="Node3D" parent="SubViewport/RoomColumn"]
visible = false

[node name="FogVolume" type="FogVolume" parent="SubViewport/RoomColumn/CautionLights"]
transform = Transform3D(-0.642395, -0.00704604, 0.766341, 0.00275932, 0.99993, 0.0115068, -0.766368, 0.00950655, -0.642331, 5.16973, -0.706925, 6.20134)
size = Vector3(32.5796, 3, 39.2004)
material = SubResource("FogMaterial_0edq6")

[node name="OmniLight3D" type="OmniLight3D" parent="SubViewport/RoomColumn/CautionLights"]
transform = Transform3D(1, 0, 0, 0, 1, -7.45058e-09, 0, 7.45058e-09, 1, 8.10712, 7.04194, 8.01598)
light_color = Color(0.58416, 0.517015, 3.85046e-07, 1)
light_energy = 0.769
light_volumetric_fog_energy = 0.02
light_specular = 0.448
shadow_enabled = true
shadow_opacity = 0.37
omni_range = 27.206
omni_attenuation = -1.607

[node name="DirectionalLight3D" type="DirectionalLight3D" parent="SubViewport/RoomColumn/CautionLights"]
transform = Transform3D(-0.752333, 0.0202338, -0.658472, -0.400038, 0.780113, 0.481033, 0.523416, 0.625311, -0.578811, -1.6585e-10, 2.34798, 2.45522)
layers = 0
light_energy = 2.917
light_indirect_energy = 0.0
light_volumetric_fog_energy = 0.0
shadow_enabled = true
shadow_transmittance_bias = -2.347
shadow_opacity = 0.68
sky_mode = 1

[node name="WarningLights" type="Node3D" parent="SubViewport/RoomColumn"]
visible = false

[node name="FogVolume" type="FogVolume" parent="SubViewport/RoomColumn/WarningLights"]
transform = Transform3D(-0.642395, -0.00704604, 0.766341, 0.00275932, 0.99993, 0.0115068, -0.766368, 0.00950655, -0.642331, 5.16973, -0.706925, 6.20134)
size = Vector3(32.5796, 3, 39.2004)
material = SubResource("FogMaterial_0edq6")

[node name="OmniLight3D" type="OmniLight3D" parent="SubViewport/RoomColumn/WarningLights"]
transform = Transform3D(1, 0, 0, 0, 1, -7.45058e-09, 0, 7.45058e-09, 1, 8.10712, 7.04194, 8.01598)
light_color = Color(0.426196, 0, 0.148233, 1)
light_energy = 1.899
light_volumetric_fog_energy = 0.02
light_specular = 0.448
shadow_enabled = true
shadow_opacity = 0.37
omni_range = 27.206
omni_attenuation = -1.607

[node name="DirectionalLight3D" type="DirectionalLight3D" parent="SubViewport/RoomColumn/WarningLights"]
transform = Transform3D(-0.752333, 0.0202338, -0.658472, -0.400038, 0.780113, 0.481033, 0.523416, 0.625311, -0.578811, -1.6585e-10, 2.34798, 2.45522)
layers = 0
light_energy = 2.917
light_indirect_energy = 0.0
light_volumetric_fog_energy = 0.0
shadow_enabled = true
shadow_transmittance_bias = -2.347
shadow_opacity = 0.68
sky_mode = 1

[node name="DangerLights" type="Node3D" parent="SubViewport/RoomColumn"]
transform = Transform3D(-0.999195, 0, -0.0401317, 0, 1, 0, 0.0401317, 0, -0.999195, 0, 0, 20)
visible = false

[node name="FogVolume" type="FogVolume" parent="SubViewport/RoomColumn/DangerLights"]
transform = Transform3D(0.611122, 0.00742188, -0.791501, 0.00275932, 0.99993, 0.0115068, 0.791531, -0.00921612, 0.611059, -5.71933, -0.706925, 13.5801)
size = Vector3(32.5796, 3, 39.2004)
material = SubResource("FogMaterial_0edq6")

[node name="SpotLight3D" type="SpotLight3D" parent="SubViewport/RoomColumn/DangerLights"]
transform = Transform3D(0.619779, -0.784776, -3.43037e-08, 0, -4.37114e-08, 1, -0.784776, -0.619779, -2.70914e-08, -10.493, 13.2612, 9.25635)
light_color = Color(0.996723, 1, 0.762783, 1)
light_energy = 0.01
shadow_enabled = true
spot_range = 21.641
spot_attenuation = -2.06
spot_angle = 43.0215
spot_angle_attenuation = 1.6245

[node name="SpotLight3D2" type="SpotLight3D" parent="SubViewport/RoomColumn/DangerLights"]
transform = Transform3D(0.619779, -0.784776, -3.43037e-08, 0, -4.37114e-08, 1, -0.784776, -0.619779, -2.70914e-08, 3.87041, 13.2612, 9.83325)
light_color = Color(0.996723, 1, 0.762783, 1)
light_energy = 0.01
shadow_enabled = true
spot_range = 21.641
spot_attenuation = -2.06
spot_angle = 43.0215
spot_angle_attenuation = 1.6245

[node name="SpotLight3D3" type="SpotLight3D" parent="SubViewport/RoomColumn/DangerLights"]
transform = Transform3D(0.619779, -0.784776, -3.43037e-08, 0, -4.37114e-08, 1, -0.784776, -0.619779, -2.70914e-08, -11.0747, 13.2612, 23.7387)
light_color = Color(0.996723, 1, 0.762783, 1)
light_energy = 0.01
shadow_enabled = true
spot_range = 21.641
spot_attenuation = -2.06
spot_angle = 43.0215
spot_angle_attenuation = 1.6245

[node name="SpotLight3D4" type="SpotLight3D" parent="SubViewport/RoomColumn/DangerLights"]
transform = Transform3D(0.619779, -0.784776, -3.43037e-08, 0, -4.37114e-08, 1, -0.784776, -0.619779, -2.70914e-08, 3.28874, 13.2612, 24.3156)
light_color = Color(0.996723, 1, 0.762783, 1)
light_energy = 0.01
shadow_enabled = true
spot_range = 21.641
spot_attenuation = -2.06
spot_angle = 43.0215
spot_angle_attenuation = 1.6245

[node name="Spotlights" type="Node3D" parent="SubViewport/RoomColumn/DangerLights"]
transform = Transform3D(-8.77108e-10, -0.0200658, 0.499597, 0.5, -2.18557e-08, 1.78931e-15, 2.18381e-08, 0.499597, 0.0200658, -7.26003, 4.20603, 4.70783)

[node name="Spotlight" type="MeshInstance3D" parent="SubViewport/RoomColumn/DangerLights/Spotlights"]
transform = Transform3D(7.10543e-15, 4.37114e-08, -1, 1, -4.37114e-08, 3.55271e-15, -4.37114e-08, -1, -4.37114e-08, 4.01911, 0.00659752, 1.11846)
mesh = SubResource("CapsuleMesh_l2d6o")
skeleton = NodePath("")

[node name="OmniLight3D" type="OmniLight3D" parent="SubViewport/RoomColumn/DangerLights/Spotlights/Spotlight"]
transform = Transform3D(0.433594, 0.893817, 0.114397, 0.205567, 0.0254902, -0.978311, -0.877347, 0.447706, -0.172687, 0.948898, 0.0649261, 0.677778)
light_color = Color(1, 0, 0, 1)
light_energy = 4.231
shadow_enabled = true
omni_range = 1.15
omni_attenuation = 4.007

[node name="Spotlight" type="SpotLight3D" parent="SubViewport/RoomColumn/DangerLights/Spotlights/Spotlight"]
transform = Transform3D(0.501368, 0.1048, -0.858864, 0.581953, -0.775407, 0.245103, -0.640282, -0.622705, -0.449753, 1.67747, 0, 0)
layers = 31
light_color = Color(1, 0, 0, 1)
light_energy = 0.918
light_indirect_energy = 0.0
light_volumetric_fog_energy = 0.001
light_specular = 0.0
shadow_enabled = true
shadow_bias = 0.0
shadow_transmittance_bias = 0.154
spot_range = 27.741
spot_attenuation = -3.4
spot_angle = 22.86

[node name="Spotlight2" type="MeshInstance3D" parent="SubViewport/RoomColumn/DangerLights/Spotlights"]
transform = Transform3D(7.10543e-15, 4.37114e-08, -1, 1, -4.37114e-08, 3.55271e-15, -4.37114e-08, -1, -4.37114e-08, 4.01911, 0.00659752, 15.6689)
mesh = SubResource("CapsuleMesh_l2d6o")
skeleton = NodePath("")

[node name="OmniLight3D" type="OmniLight3D" parent="SubViewport/RoomColumn/DangerLights/Spotlights/Spotlight2"]
transform = Transform3D(0.433594, 0.893817, 0.114397, 0.205567, 0.0254902, -0.978311, -0.877347, 0.447706, -0.172687, 0.948898, 0.0649261, 0.677778)
light_color = Color(1, 0, 0, 1)
light_energy = 4.231
shadow_enabled = true
omni_range = 1.15
omni_attenuation = 4.007

[node name="Spotlight" type="SpotLight3D" parent="SubViewport/RoomColumn/DangerLights/Spotlights/Spotlight2"]
transform = Transform3D(0.501368, 0.1048, -0.858864, 0.581953, -0.775407, 0.245103, -0.640282, -0.622705, -0.449753, 1.67747, 0.94552, 0)
layers = 31
light_color = Color(1, 0, 0, 1)
light_energy = 0.918
light_indirect_energy = 0.0
light_volumetric_fog_energy = 0.001
light_specular = 0.0
shadow_enabled = true
shadow_bias = 0.0
shadow_transmittance_bias = 0.154
spot_range = 27.741
spot_attenuation = -3.4
spot_angle = 22.86

[node name="Spotlight3" type="MeshInstance3D" parent="SubViewport/RoomColumn/DangerLights/Spotlights"]
transform = Transform3D(-4.43682e-08, 8.74179e-08, -1, -0.0150267, 0.999887, 8.80747e-08, 0.999887, 0.0150267, -4.30496e-08, 4.01911, 18.2766, -15.8343)
mesh = SubResource("CapsuleMesh_l2d6o")
skeleton = NodePath("")

[node name="OmniLight3D" type="OmniLight3D" parent="SubViewport/RoomColumn/DangerLights/Spotlights/Spotlight3"]
transform = Transform3D(0.433594, 0.893817, 0.114397, 0.205567, 0.0254902, -0.978311, -0.877347, 0.447706, -0.172687, 0.948898, 0.0649261, 0.677778)
light_color = Color(0.240415, 0.505801, 1, 1)
light_energy = 4.231
shadow_enabled = true
omni_range = 1.15
omni_attenuation = 4.007

[node name="Spotlight" type="SpotLight3D" parent="SubViewport/RoomColumn/DangerLights/Spotlights/Spotlight3"]
transform = Transform3D(0.501368, 0.1048, -0.858864, 0.581953, -0.775407, 0.245103, -0.640282, -0.622705, -0.449753, 1.67747, 0, 0)
layers = 31
light_color = Color(0.240415, 0.505801, 1, 1)
light_energy = 2.459
light_indirect_energy = 0.0
light_volumetric_fog_energy = 0.001
light_specular = 0.0
shadow_enabled = true
shadow_bias = 0.0
shadow_transmittance_bias = 0.154
spot_range = 31.852
spot_attenuation = -2.29
spot_angle = 38.61
spot_angle_attenuation = 0.466516

[node name="Spotlight4" type="MeshInstance3D" parent="SubViewport/RoomColumn/DangerLights/Spotlights"]
transform = Transform3D(-4.43682e-08, 8.74179e-08, -1, -0.0150267, 0.999887, 8.80747e-08, 0.999887, 0.0150267, -4.30496e-08, 4.01911, 34.194, -15.8343)
mesh = SubResource("CapsuleMesh_l2d6o")
skeleton = NodePath("")

[node name="OmniLight3D" type="OmniLight3D" parent="SubViewport/RoomColumn/DangerLights/Spotlights/Spotlight4"]
transform = Transform3D(0.433594, 0.893817, 0.114397, 0.205567, 0.0254902, -0.978311, -0.877347, 0.447706, -0.172687, 0.948898, 0.0649261, 0.677778)
light_color = Color(0.240415, 0.505801, 1, 1)
light_energy = 4.231
shadow_enabled = true
omni_range = 1.15
omni_attenuation = 4.007

[node name="Spotlight" type="SpotLight3D" parent="SubViewport/RoomColumn/DangerLights/Spotlights/Spotlight4"]
transform = Transform3D(0.501368, 0.1048, -0.858864, 0.581953, -0.775407, 0.245103, -0.640282, -0.622705, -0.449753, 1.67747, 0, 0)
layers = 31
light_color = Color(0.240415, 0.505801, 1, 1)
light_energy = 2.459
light_indirect_energy = 0.0
light_volumetric_fog_energy = 0.001
light_specular = 0.0
shadow_enabled = true
shadow_bias = 0.0
shadow_transmittance_bias = 0.154
spot_range = 31.852
spot_attenuation = -2.29
spot_angle = 38.61
spot_angle_attenuation = 0.466516

[node name="NoPowerLights" type="Node3D" parent="SubViewport/RoomColumn"]
transform = Transform3D(-0.999195, 0, -0.0401317, 0, 1, 0, 0.0401317, 0, -0.999195, 0, 0, 20)

[node name="FogVolume" type="FogVolume" parent="SubViewport/RoomColumn/NoPowerLights"]
transform = Transform3D(0.611122, 0.00742188, -0.791501, 0.00275932, 0.99993, 0.0115068, 0.791531, -0.00921612, 0.611059, -5.71933, -0.706925, 13.5801)
size = Vector3(32.5796, 3, 39.2004)
material = SubResource("FogMaterial_0edq6")

[node name="SpotLight3D" type="SpotLight3D" parent="SubViewport/RoomColumn/NoPowerLights"]
transform = Transform3D(0.619779, -0.784776, -3.43037e-08, 0, -4.37114e-08, 1, -0.784776, -0.619779, -2.70914e-08, -10.493, 13.2612, 9.25635)
light_color = Color(0.996723, 1, 0.762783, 1)
light_energy = 0.01
shadow_enabled = true
spot_range = 21.641
spot_attenuation = -2.06
spot_angle = 43.0215
spot_angle_attenuation = 1.6245

[node name="SpotLight3D2" type="SpotLight3D" parent="SubViewport/RoomColumn/NoPowerLights"]
transform = Transform3D(0.619779, -0.784776, -3.43037e-08, 0, -4.37114e-08, 1, -0.784776, -0.619779, -2.70914e-08, 3.87041, 13.2612, 9.83325)
light_color = Color(0.996723, 1, 0.762783, 1)
light_energy = 0.01
shadow_enabled = true
spot_range = 21.641
spot_attenuation = -2.06
spot_angle = 43.0215
spot_angle_attenuation = 1.6245

[node name="SpotLight3D3" type="SpotLight3D" parent="SubViewport/RoomColumn/NoPowerLights"]
transform = Transform3D(0.619779, -0.784776, -3.43037e-08, 0, -4.37114e-08, 1, -0.784776, -0.619779, -2.70914e-08, -11.0747, 13.2612, 23.7387)
light_color = Color(0.996723, 1, 0.762783, 1)
light_energy = 0.01
shadow_enabled = true
spot_range = 21.641
spot_attenuation = -2.06
spot_angle = 43.0215
spot_angle_attenuation = 1.6245

[node name="SpotLight3D4" type="SpotLight3D" parent="SubViewport/RoomColumn/NoPowerLights"]
transform = Transform3D(0.619779, -0.784776, -3.43037e-08, 0, -4.37114e-08, 1, -0.784776, -0.619779, -2.70914e-08, 3.28874, 13.2612, 24.3156)
light_color = Color(0.996723, 1, 0.762783, 1)
light_energy = 0.01
shadow_enabled = true
spot_range = 21.641
spot_attenuation = -2.06
spot_angle = 43.0215
spot_angle_attenuation = 1.6245

[node name="MainCamera" type="Camera3D" parent="SubViewport/RoomColumn"]
transform = Transform3D(-0.707107, 0.353553, -0.612373, 0, 0.866026, 0.499999, 0.707107, 0.353553, -0.612373, -18.035, 17.433, -18)
projection = 1
current = true
size = 24.0
near = 0.002
far = 60.0

[node name="MeshInstance3D" type="MeshInstance3D" parent="SubViewport/RoomColumn/MainCamera"]
