[gd_scene load_steps=2 format=3 uid="uid://cedr2jrm8sk6k"]

[sub_resource type="CylinderMesh" id="CylinderMesh_uu14x"]
height = 0.1

[node name="BaseWingModel" type="Node3D"]

[node name="DirectionalLight3D" type="DirectionalLight3D" parent="."]
transform = Transform3D(-0.975126, 0.136398, -0.174713, -3.63052e-09, 0.788236, 0.615373, 0.221651, 0.600066, -0.76863, 0, 0, 0)
light_energy = 0.582
light_indirect_energy = 6.856
light_volumetric_fog_energy = 5.078

[node name="WingMesh" type="CSGBox3D" parent="."]
transform = Transform3D(1, 0, 0, 0, 1, 0, 0, 0, 1, -28.1142, 0, 0)
size = Vector3(25, 18, 25)

[node name="CSGBox3D3" type="CSGBox3D" parent="WingMesh"]
transform = Transform3D(1, 0, 0, 0, 1, 0, 0, 0, 1, 17.1763, -5.62363, 6.25753)
size = Vector3(23.3651, 8, 6)

[node name="CSGBox3D4" type="CSGBox3D" parent="WingMesh"]
transform = Transform3D(1, 0, 0, 0, 1, 0, 0, 0, 1, 21.4434, -7.11267, 7.49187)
operation = 2
size = Vector3(20, 3.5, 3)

[node name="WingMesh2" type="CSGBox3D" parent="WingMesh"]
transform = Transform3D(1, 0, 0, 0, 1, 0, 0, 0, 1, -1, 0.5, 1)
operation = 2
size = Vector3(25, 18, 25)

[node name="ACUnit2" type="CSGBox3D" parent="WingMesh"]
transform = Transform3D(-4.37114e-08, 0, 1, 0, 1, 0, -1, 0, -4.37114e-08, 0.26449, 0.633976, -11.8551)
operation = 2
size = Vector3(1, 10, 18)

[node name="Ventilation" type="CSGCylinder3D" parent="."]
transform = Transform3D(-0.00207691, 0, -0.999998, 0, 1, 0, 0.999998, 0, -0.00207691, -25.17, 2.38959, 11.4542)
radius = 1.0
height = 30.0

[node name="CSGBox3D2" type="CSGBox3D" parent="Ventilation"]
transform = Transform3D(1, 0, 0, 0, 1, 0, 0, 0, 1, -8.26156, 4.71461, -0.00834465)
size = Vector3(8, 2, 8)

[node name="CSGBox3D3" type="CSGBox3D" parent="Ventilation"]
transform = Transform3D(1, 0, 0, 0, 1, 0, 0, 0, 1, -8.26156, 4.38684, -0.00834465)
operation = 2
size = Vector3(7.5, 2, 7.5)

[node name="CSGBox3D" type="CSGBox3D" parent="Ventilation"]
transform = Transform3D(1, 0, 0, 0, 1, 0, 0, 0, 1, -4.52207, 5.05783, 0)
size = Vector3(8, 1, 2)

[node name="CSGBox3D4" type="CSGBox3D" parent="Ventilation"]
transform = Transform3D(1, 0, 0, 0, 1, 0, 0, 0, 1, -5.11, 5.029, 0)
operation = 2
size = Vector3(7.5, 1, 1.8)

[node name="FanBlades" type="CSGMesh3D" parent="."]
transform = Transform3D(1, 0, 0, 0, -4.37114e-08, -1, 0, 1, -4.37114e-08, -27.5677, 0.660801, -10.3685)
mesh = SubResource("CylinderMesh_uu14x")

[node name="CSGCylinder3D" type="CSGCylinder3D" parent="FanBlades"]
transform = Transform3D(1, 0, 0, 0, -4.37114e-08, -1, 0, 1, -4.37114e-08, 0, 0.0251875, 0)
height = 7.0

[node name="CSGBox3D" type="CSGBox3D" parent="FanBlades/CSGCylinder3D"]
transform = Transform3D(1, 0, 0, 0, 1, 0, 0, 0, 1, 0, -0.486937, -0.553818)
operation = 2
size = Vector3(1, 10, 1)

[node name="CSGBox3D2" type="CSGBox3D" parent="FanBlades/CSGCylinder3D"]
transform = Transform3D(1, 0, 0, 0, 1, 0, 0, 0, 1, 0, 0.591482, 0.5123)
operation = 2
size = Vector3(1, 10, 1)

[node name="CSGCylinder3D2" type="CSGCylinder3D" parent="FanBlades"]
transform = Transform3D(0.707107, 0.707107, -3.09086e-08, 0, -4.37114e-08, -1, -0.707107, 0.707107, -3.09086e-08, 0, 0.0251875, 0)
height = 7.0

[node name="CSGBox3D" type="CSGBox3D" parent="FanBlades/CSGCylinder3D2"]
transform = Transform3D(1, 0, 0, 0, 1, 0, 0, 0, 1, 0, -0.486937, -0.553818)
operation = 2
size = Vector3(1, 10, 1)

[node name="CSGBox3D2" type="CSGBox3D" parent="FanBlades/CSGCylinder3D2"]
transform = Transform3D(1, 0, 0, 0, 1, 0, 0, 0, 1, 0, 0.591482, 0.5123)
operation = 2
size = Vector3(1, 10, 1)

[node name="CSGCylinder3D3" type="CSGCylinder3D" parent="FanBlades"]
transform = Transform3D(-4.37114e-08, 1, -4.37114e-08, 0, -4.37114e-08, -1, -1, -4.37114e-08, 1.91069e-15, 0, 0.0251875, 0)
height = 7.0

[node name="CSGBox3D" type="CSGBox3D" parent="FanBlades/CSGCylinder3D3"]
transform = Transform3D(1, 0, 0, 0, 1, 0, 0, 0, 1, 0, -0.486937, -0.553818)
operation = 2
size = Vector3(1, 10, 1)

[node name="CSGBox3D2" type="CSGBox3D" parent="FanBlades/CSGCylinder3D3"]
transform = Transform3D(1, 0, 0, 0, 1, 0, 0, 0, 1, 0, 0.591482, 0.5123)
operation = 2
size = Vector3(1, 10, 1)

[node name="CSGCylinder3D4" type="CSGCylinder3D" parent="FanBlades"]
transform = Transform3D(-0.707107, 0.707107, -3.09086e-08, 0, -4.37114e-08, -1, -0.707107, -0.707107, 3.09086e-08, 0, 0.0251875, 0)
height = 7.0

[node name="CSGBox3D" type="CSGBox3D" parent="FanBlades/CSGCylinder3D4"]
transform = Transform3D(1, 0, 0, 0, 1, 0, 0, 0, 1, 0, -0.486937, -0.553818)
operation = 2
size = Vector3(1, 10, 1)

[node name="CSGBox3D2" type="CSGBox3D" parent="FanBlades/CSGCylinder3D4"]
transform = Transform3D(1, 0, 0, 0, 1, 0, 0, 0, 1, 0, 0.591482, 0.5123)
operation = 2
size = Vector3(1, 10, 1)

[node name="HeatingVents" type="CSGBox3D" parent="."]
transform = Transform3D(1, 0, 0, 0, 1, 0, 0, 0, 1, -27, -8.67009, -1)
size = Vector3(24, 1, 24)

[node name="CSGBox3D" type="CSGBox3D" parent="HeatingVents"]
transform = Transform3D(-0.684661, 0, 0.728861, 0, 1, 0, -0.728861, 0, -0.684661, -12.8315, 0, 13.1483)
operation = 2
size = Vector3(5, 5, 5)

[node name="ACUnit" type="CSGBox3D" parent="."]
transform = Transform3D(-4.37114e-08, 0, 1, 0, 1, 0, -1, 0, -4.37114e-08, -27.8497, 0.633976, -12.4522)
size = Vector3(1, 10, 18)

[node name="CSGCylinder3D" type="CSGCylinder3D" parent="ACUnit"]
transform = Transform3D(-4.47035e-08, -1, -5.55112e-16, -4.37114e-08, 1.91069e-15, -1, 1, -4.47035e-08, -4.37114e-08, -0.0134964, 0, 0.000432968)
operation = 2
radius = 4.0
height = 1.0
sides = 20

[node name="PowerGrid" type="CSGBox3D" parent="."]
transform = Transform3D(1, 0, 0, 0, 1, 0, 0, 0, 1, -24.7813, -8.1308, -8.49975)
size = Vector3(20, 0.5, 0.5)

[node name="PowerGrid2" type="CSGBox3D" parent="PowerGrid"]
transform = Transform3D(-4.37114e-08, 0, -1, 0, 1, 0, 1, 0, -4.37114e-08, -10.0711, 0, 7.57231)
size = Vector3(15.5, 0.5, 0.5)

[node name="PowerGrid3" type="CSGBox3D" parent="PowerGrid"]
transform = Transform3D(-4.37114e-08, 0, -1, 0, 1, 0, 1, 0, -4.37114e-08, -3.38509, 0, 7.57231)
size = Vector3(15, 0.5, 0.5)

[node name="PowerGrid4" type="CSGBox3D" parent="PowerGrid"]
transform = Transform3D(-4.37114e-08, 0, -1, 0, 1, 0, 1, 0, -4.37114e-08, 2.84006, 0, 7.57231)
size = Vector3(15, 0.5, 0.5)

[node name="PowerGrid5" type="CSGBox3D" parent="PowerGrid"]
transform = Transform3D(1, 0, 0, 0, 1, 0, 0, 0, 1, 2.3485, 0, 7.44507)
size = Vector3(25, 0.5, 0.5)

[node name="PowerGrid6" type="CSGBox3D" parent="PowerGrid"]
transform = Transform3D(1, 0, 0, 0, 1, 0, 0, 0, 1, -3.70171, 0, 15)
size = Vector3(13, 0.5, 0.5)

[node name="PowerGrid7" type="CSGBox3D" parent="PowerGrid"]
transform = Transform3D(0.707107, 0, -0.707107, 0, 1, 0, 0.707107, 0, 0.707107, -10.5679, 0, 15)
operation = 2
size = Vector3(2, 0.5, 0.5)

[node name="PowerGrid9" type="CSGBox3D" parent="PowerGrid"]
transform = Transform3D(-0.639157, 0, -0.769076, 0, 1, 0, 0.769076, 0, -0.639157, -10.158, 0, -0.14819)
operation = 2
size = Vector3(2, 0.5, 0.5)

[node name="PowerGrid8" type="CSGBox3D" parent="PowerGrid"]
transform = Transform3D(0.707107, 0, 0.707107, 0, 1, 0, -0.707107, 0, 0.707107, 3.19222, 0, 15)
operation = 2
size = Vector3(2, 0.5, 0.5)
