[gd_scene load_steps=19 format=3 uid="uid://bl0fcbjjnqeux"]

[ext_resource type="Script" uid="uid://oc8w27gluocd" path="res://Scenes/TrainingProgram/parts/GameplayLoop/parts/Structure3DContainer/Rendering/parts/Wing/wing.gd" id="1_qq608"]
[ext_resource type="PackedScene" uid="uid://b0xcdsr0gn57k" path="res://Scenes/TrainingProgram/parts/GameplayLoop/parts/Structure3DContainer/Rendering/parts/WingScene/WingScene.tscn" id="2_n8dix"]
[ext_resource type="Material" uid="uid://c20bb2a0jbecw" path="res://Shader/StarPlasma/template.tres" id="4_778r6"]
[ext_resource type="FontFile" uid="uid://dgdnjq5h1ldkm" path="res://Fonts/VCR_OSD_MONO.ttf" id="4_i1dve"]
[ext_resource type="PackedScene" uid="uid://wo1fm5yw1mj7" path="res://Scenes/TrainingProgram/parts/GameplayLoop/parts/Structure3DContainer/Rendering/parts/Room/RoomNode3d.tscn" id="5_k4egc"]
[ext_resource type="PackedScene" uid="uid://dl5qwg47wln3a" path="res://Scenes/TrainingProgram/parts/GameplayLoop/parts/Structure3DContainer/parts/SpinLight.tscn" id="6_iutnv"]

[sub_resource type="Shader" id="Shader_n8dix"]
code = "shader_type canvas_item;

uniform float outline_thickness : hint_range(0.0, 10.0) = 1.0;
uniform vec4 outline_color = vec4(0.0, 0.0, 0.0, 1.0); // Outline color (default black)
uniform vec4 base_color = vec4(1.0, 1.0, 1.0, 1.0);     // Tint color (default white / no tint)

void fragment() {
    // Fetch the current texture color
    vec4 tex_color = texture(TEXTURE, UV);

    // Tint the texture color with the base color
    vec4 output_color = tex_color * base_color;

    // Proceed only if the pixel is opaque
    if (tex_color.a > 0.1) {
        // Use TEXTURE_PIXEL_SIZE for UV space calculations
        vec2 texel_size = TEXTURE_PIXEL_SIZE * outline_thickness;

        // Check surrounding pixels for transparency (to detect edges)
        bool is_edge = false;
        is_edge = is_edge || (texture(TEXTURE, UV + vec2(-texel_size.x, 0.0)).a < 0.1);
        is_edge = is_edge || (texture(TEXTURE, UV + vec2(texel_size.x, 0.0)).a < 0.1);
        is_edge = is_edge || (texture(TEXTURE, UV + vec2(0.0, -texel_size.y)).a < 0.1);
        is_edge = is_edge || (texture(TEXTURE, UV + vec2(0.0, texel_size.y)).a < 0.1);

        // If it's an edge pixel, use the outline color instead
        if (is_edge) {
            output_color = outline_color;
        }
    } else {
        // Fully transparent background
        output_color = vec4(0.0, 0.0, 0.0, 0.0);
    }

    // Final output
    COLOR = output_color;
}
"

[sub_resource type="ShaderMaterial" id="ShaderMaterial_qq608"]
shader = SubResource("Shader_n8dix")
shader_parameter/outline_thickness = 10.0
shader_parameter/outline_color = Vector4(0.5, 0.5, 0, 1)
shader_parameter/base_color = Vector4(1, 1, 1, 1)

[sub_resource type="ViewportTexture" id="ViewportTexture_u0dki"]
viewport_path = NodePath("SubViewport")

[sub_resource type="StandardMaterial3D" id="StandardMaterial3D_hldmr"]
albedo_color = Color(0.400614, 0.1771, 0.347313, 1)
metallic = 0.73
metallic_specular = 1.0
clearcoat_enabled = true
clearcoat = 0.47
clearcoat_roughness = 1.0

[sub_resource type="BoxMesh" id="BoxMesh_kw1d3"]
material = SubResource("StandardMaterial3D_hldmr")
flip_faces = true
size = Vector3(30, 8, 30)

[sub_resource type="StandardMaterial3D" id="StandardMaterial3D_opsu7"]
albedo_color = Color(0.122252, 0.122252, 0.122252, 1)
metallic = 1.0
metallic_specular = 0.43
emission = Color(0, 1, 0, 1)
emission_energy_multiplier = 8.7
emission_operator = 1
clearcoat = 0.69
backlight = Color(0, 0.662728, 1.54018e-06, 1)
refraction_scale = -0.57
grow = true

[sub_resource type="BoxMesh" id="BoxMesh_n6uvr"]
material = SubResource("StandardMaterial3D_opsu7")
size = Vector3(21, 5.5, 1)

[sub_resource type="ViewportTexture" id="ViewportTexture_fjg3y"]
viewport_path = NodePath("SubViewport/RoomColumn/RightBoard/MsgBoard/Sprite3D/SubViewport")

[sub_resource type="NoiseTexture2D" id="NoiseTexture2D_neith"]

[sub_resource type="FogMaterial" id="FogMaterial_0edq6"]
density = 0.8218
emission = Color(0.385469, 0.544101, 0.543483, 1)
height_falloff = 6.45476
edge_fade = 7.10118

[sub_resource type="StandardMaterial3D" id="StandardMaterial3D_n8dix"]
albedo_color = Color(0, 0, 0, 1)

[sub_resource type="CapsuleMesh" id="CapsuleMesh_l2d6o"]
material = SubResource("StandardMaterial3D_n8dix")

[node name="Wing" type="Control"]
layout_mode = 3
anchors_preset = 15
anchor_right = 1.0
anchor_bottom = 1.0
grow_horizontal = 2
grow_vertical = 2
script = ExtResource("1_qq608")

[node name="TextureRect" type="TextureRect" parent="."]
material = SubResource("ShaderMaterial_qq608")
layout_mode = 0
offset_right = 40.0
offset_bottom = 40.0
texture = SubResource("ViewportTexture_u0dki")
stretch_mode = 5

[node name="SubViewport" type="SubViewport" parent="."]
transparent_bg = true
handle_input_locally = false
size = Vector2i(1920, 1080)

[node name="WingScene" parent="SubViewport" instance=ExtResource("2_n8dix")]

[node name="RoomColumn" type="Node3D" parent="SubViewport"]
transform = Transform3D(1, 0, 0, 0, 1, 0, 0, 0, 1, 0, 2, 0)
visible = false

[node name="FloorMesh" type="MeshInstance3D" parent="SubViewport/RoomColumn"]
transform = Transform3D(1, 0, 0, 0, 1, 0, 0, 0, 1, 0, 2.08621, 0)
layers = 16
mesh = SubResource("BoxMesh_kw1d3")

[node name="LeftFloorLabel" type="Label3D" parent="SubViewport/RoomColumn/FloorMesh"]
transform = Transform3D(-0.999847, -0.0174523, 3.82137e-15, 7.62868e-10, -4.37047e-08, 0.999999, -0.0174523, 0.999848, 4.37113e-08, 6.37123, -3.74746, -10.6009)
pixel_size = 0.01
shaded = true
double_sided = false
modulate = Color(1, 1, 1, 0.52549)
text = "FLOOR 1"
font = ExtResource("4_i1dve")
font_size = 240
outline_size = 0
uppercase = true
line_spacing = 20.0

[node name="RightFloorLabel" type="Label3D" parent="SubViewport/RoomColumn/FloorMesh"]
transform = Transform3D(-4.37113e-08, 1, 4.37113e-08, 0, -4.37114e-08, 0.999999, 0.999999, 4.37114e-08, 1.91068e-15, -10.255, -3.74746, 4.99461)
pixel_size = 0.01
shaded = true
double_sided = false
modulate = Color(1, 1, 1, 0.52549)
text = "wing a"
font = ExtResource("4_i1dve")
font_size = 240
outline_size = 0
uppercase = true
line_spacing = 20.0

[node name="RightBoard" type="MeshInstance3D" parent="SubViewport/RoomColumn"]
transform = Transform3D(-1, 0, 1.50996e-07, 0, 1, 0, -1.50996e-07, 0, -1, -0.319073, 3.20563, 15.2335)
mesh = SubResource("BoxMesh_n6uvr")
skeleton = NodePath("../../..")

[node name="SpotLight3D" type="SpotLight3D" parent="SubViewport/RoomColumn/RightBoard"]
transform = Transform3D(0.717035, -0.492742, 0.493017, 0.234449, 0.836584, 0.495137, -0.656425, -0.239443, 0.715383, 7.4959, 8.99649, 13.9021)
light_color = Color(0.221437, 0.825462, 0.584747, 1)
light_energy = 0.01
shadow_enabled = true
spot_range = 21.0229
spot_attenuation = -3.11
spot_angle = 8.39
spot_angle_attenuation = 1.41421

[node name="MsgBoard" type="Node3D" parent="SubViewport/RoomColumn/RightBoard"]
transform = Transform3D(1, 0, 0, 0, 1, 0, 0, 0, 1, 0, 0, 0.564634)

[node name="Sprite3D" type="Sprite3D" parent="SubViewport/RoomColumn/RightBoard/MsgBoard"]
transparent = false
texture = SubResource("ViewportTexture_fjg3y")

[node name="RightWallLabel" type="Label3D" parent="SubViewport/RoomColumn/RightBoard/MsgBoard/Sprite3D"]
transform = Transform3D(1, 0, 0, 0, 1, 0, 0, 0, 1, 0, 0, 0.0361191)
pixel_size = 0.03
shaded = true
double_sided = false
text = "Everything is fine."
font = ExtResource("4_i1dve")

[node name="SubViewport" type="SubViewport" parent="SubViewport/RoomColumn/RightBoard/MsgBoard/Sprite3D"]
size = Vector2i(2090, 550)

[node name="TextureRect" type="TextureRect" parent="SubViewport/RoomColumn/RightBoard/MsgBoard/Sprite3D/SubViewport"]
material = ExtResource("4_778r6")
custom_minimum_size = Vector2(2900, 600)
offset_right = 40.0
offset_bottom = 40.0
texture = SubResource("NoiseTexture2D_neith")

[node name="LeftBoard" type="MeshInstance3D" parent="SubViewport/RoomColumn"]
transform = Transform3D(-4.37114e-08, 0, -1, 0, 1, 0, 1, 0, -4.37114e-08, 15.233, 3.20563, -0.459461)
mesh = SubResource("BoxMesh_n6uvr")
skeleton = NodePath("../../..")

[node name="MsgBoard" type="Node3D" parent="SubViewport/RoomColumn/LeftBoard"]
transform = Transform3D(1, 0, 0, 0, 1, 0, 0, 0, 1, -2.98023e-08, 0, 0.564634)

[node name="Sprite3D" type="Sprite3D" parent="SubViewport/RoomColumn/LeftBoard/MsgBoard"]
transparent = false
texture = SubResource("ViewportTexture_fjg3y")

[node name="LeftWallLabel" type="Label3D" parent="SubViewport/RoomColumn/LeftBoard/MsgBoard/Sprite3D"]
transform = Transform3D(1, 0, 0, 0, 1, 0, 0, 0, 1, 0, 0, 0.0361191)
pixel_size = 0.03
shaded = true
double_sided = false
text = "Everything is fine."
font = ExtResource("4_i1dve")

[node name="SubViewport" type="SubViewport" parent="SubViewport/RoomColumn/LeftBoard/MsgBoard/Sprite3D"]
size = Vector2i(2090, 550)

[node name="TextureRect" type="TextureRect" parent="SubViewport/RoomColumn/LeftBoard/MsgBoard/Sprite3D/SubViewport"]
material = ExtResource("4_778r6")
custom_minimum_size = Vector2(2900, 600)
offset_right = 40.0
offset_bottom = 40.0
texture = SubResource("NoiseTexture2D_neith")

[node name="SpotLight3D" type="SpotLight3D" parent="SubViewport/RoomColumn/LeftBoard"]
transform = Transform3D(0.717035, -0.492742, 0.493017, 0.234449, 0.836584, 0.495137, -0.656425, -0.239443, 0.715383, 7.4959, 8.99649, 13.9021)
light_color = Color(0.221437, 0.825462, 0.584747, 1)
light_energy = 0.01
shadow_enabled = true
spot_range = 21.0229
spot_attenuation = -3.11
spot_angle = 8.39
spot_angle_attenuation = 1.41421

[node name="NodeContainer" type="Node3D" parent="SubViewport/RoomColumn"]
transform = Transform3D(1, 0, 0, 0, 1, 0, 0, 0, 1, -4, 0.3, -3.133)

[node name="0" parent="SubViewport/RoomColumn/NodeContainer" instance=ExtResource("5_k4egc")]
transform = Transform3D(1, 0, 0, 0, 1, 0, 0, 0, 1, 14, 0, 13)
room_number = 7
ref_index = 0

[node name="2" parent="SubViewport/RoomColumn/NodeContainer" instance=ExtResource("5_k4egc")]
transform = Transform3D(1, 0, 0, 0, 1, 0, 0, 0, 1, 7, 0, 13)
room_number = 8
ref_index = 2

[node name="5" parent="SubViewport/RoomColumn/NodeContainer" instance=ExtResource("5_k4egc")]
transform = Transform3D(1, 0, 0, 0, 1, 0, 0, 0, 1, 0, 0, 13)
room_number = 9
ref_index = 5

[node name="1" parent="SubViewport/RoomColumn/NodeContainer" instance=ExtResource("5_k4egc")]
transform = Transform3D(1, 0, 0, 0, 1, 0, 0, 0, 1, 14, 0, 6)
room_number = 4
ref_index = 1

[node name="4" parent="SubViewport/RoomColumn/NodeContainer" instance=ExtResource("5_k4egc")]
transform = Transform3D(1, 0, 0, 0, 1, 0, 0, 0, 1, 7, 0, 6)
room_number = 5
ref_index = 4

[node name="7" parent="SubViewport/RoomColumn/NodeContainer" instance=ExtResource("5_k4egc")]
transform = Transform3D(1, 0, 0, 0, 1, 0, 0, 0, 1, 0, 0, 6)
room_number = 6
ref_index = 7

[node name="3" parent="SubViewport/RoomColumn/NodeContainer" instance=ExtResource("5_k4egc")]
transform = Transform3D(1, 0, 0, 0, 1, 0, 0, 0, 1, 14, 0, -1)
room_number = 1
ref_index = 3

[node name="6" parent="SubViewport/RoomColumn/NodeContainer" instance=ExtResource("5_k4egc")]
transform = Transform3D(1, 0, 0, 0, 1, 0, 0, 0, 1, 7, 0, -1)
room_number = 2
ref_index = 6

[node name="8" parent="SubViewport/RoomColumn/NodeContainer" instance=ExtResource("5_k4egc")]
transform = Transform3D(1, 0, 0, 0, 1, 0, 0, 0, 1, 0, 0, -1)
room_number = 3
ref_index = 8

[node name="NormalLights" type="Node3D" parent="SubViewport/RoomColumn"]

[node name="SpinLight" parent="SubViewport/RoomColumn/NormalLights" instance=ExtResource("6_iutnv")]
transform = Transform3D(1, 0, 0, 0, 1, 0, 0, 0, 1, -10.7636, 3.23014, 0)

[node name="Frontlights" type="OmniLight3D" parent="SubViewport/RoomColumn/NormalLights"]
transform = Transform3D(1, 0, 0, 0, 1, -7.45058e-09, 0, 7.45058e-09, 1, -0.42984, 26.3554, -14.8911)
visible = false
light_volumetric_fog_energy = 0.02
light_specular = 0.448
shadow_enabled = true
shadow_opacity = 0.37
omni_range = 32.8872
omni_attenuation = -1.0

[node name="Backlights" type="OmniLight3D" parent="SubViewport/RoomColumn/NormalLights"]
transform = Transform3D(1, 0, 0, 0, 1, -7.45058e-09, 0, 7.45058e-09, 1, 4.06079, 26.3554, 7.13662)
light_volumetric_fog_energy = 0.02
light_specular = 0.448
shadow_enabled = true
shadow_opacity = 0.37
omni_range = 32.8872
omni_attenuation = -1.0

[node name="FogVolume" type="FogVolume" parent="SubViewport/RoomColumn/NormalLights"]
transform = Transform3D(0.999999, 0, 0, 0, 1, 0, 0, 0, 1, -0.128158, -0.969475, 3.71244)
size = Vector3(32.5796, 3, 39.2004)
material = SubResource("FogMaterial_0edq6")

[node name="SpotLight3D" type="SpotLight3D" parent="SubViewport/RoomColumn/NormalLights"]
transform = Transform3D(0.62343, -0.751909, -0.214402, -0.306854, -0.487504, 0.817423, -0.719149, -0.443816, -0.534651, -9.39152, 17.1848, -20.278)
light_color = Color(0.996723, 1, 0.762783, 1)
light_energy = 0.272
light_indirect_energy = 0.0
light_volumetric_fog_energy = 0.1
shadow_enabled = true
distance_fade_shadow = 0.0
spot_range = 40.0
spot_attenuation = -0.94
spot_angle = 66.7
spot_angle_attenuation = 1.14869

[node name="CautionLights" type="Node3D" parent="SubViewport/RoomColumn"]
visible = false

[node name="FogVolume" type="FogVolume" parent="SubViewport/RoomColumn/CautionLights"]
transform = Transform3D(-0.642395, -0.00704604, 0.766341, 0.00275932, 0.99993, 0.0115068, -0.766368, 0.00950655, -0.642331, 5.16973, -0.706925, 6.20134)
size = Vector3(32.5796, 3, 39.2004)
material = SubResource("FogMaterial_0edq6")

[node name="OmniLight3D" type="OmniLight3D" parent="SubViewport/RoomColumn/CautionLights"]
transform = Transform3D(1, 0, 0, 0, 1, -7.45058e-09, 0, 7.45058e-09, 1, 8.10712, 7.04194, 8.01598)
light_color = Color(0.58416, 0.517015, 3.85046e-07, 1)
light_energy = 0.769
light_volumetric_fog_energy = 0.02
light_specular = 0.448
shadow_enabled = true
shadow_opacity = 0.37
omni_range = 27.206
omni_attenuation = -1.607

[node name="DirectionalLight3D" type="DirectionalLight3D" parent="SubViewport/RoomColumn/CautionLights"]
transform = Transform3D(-0.752333, 0.0202338, -0.658472, -0.400038, 0.780113, 0.481033, 0.523416, 0.625311, -0.578811, -1.6585e-10, 2.34798, 2.45522)
layers = 0
light_energy = 2.917
light_indirect_energy = 0.0
light_volumetric_fog_energy = 0.0
shadow_enabled = true
shadow_transmittance_bias = -2.347
shadow_opacity = 0.68
sky_mode = 1

[node name="WarningLights" type="Node3D" parent="SubViewport/RoomColumn"]
visible = false

[node name="FogVolume" type="FogVolume" parent="SubViewport/RoomColumn/WarningLights"]
transform = Transform3D(-0.642395, -0.00704604, 0.766341, 0.00275932, 0.99993, 0.0115068, -0.766368, 0.00950655, -0.642331, 5.16973, -0.706925, 6.20134)
size = Vector3(32.5796, 3, 39.2004)
material = SubResource("FogMaterial_0edq6")

[node name="OmniLight3D" type="OmniLight3D" parent="SubViewport/RoomColumn/WarningLights"]
transform = Transform3D(1, 0, 0, 0, 1, -7.45058e-09, 0, 7.45058e-09, 1, 8.10712, 7.04194, 8.01598)
light_color = Color(0.426196, 0, 0.148233, 1)
light_energy = 1.899
light_volumetric_fog_energy = 0.02
light_specular = 0.448
shadow_enabled = true
shadow_opacity = 0.37
omni_range = 27.206
omni_attenuation = -1.607

[node name="DirectionalLight3D" type="DirectionalLight3D" parent="SubViewport/RoomColumn/WarningLights"]
transform = Transform3D(-0.752333, 0.0202338, -0.658472, -0.400038, 0.780113, 0.481033, 0.523416, 0.625311, -0.578811, -1.6585e-10, 2.34798, 2.45522)
layers = 0
light_energy = 2.917
light_indirect_energy = 0.0
light_volumetric_fog_energy = 0.0
shadow_enabled = true
shadow_transmittance_bias = -2.347
shadow_opacity = 0.68
sky_mode = 1

[node name="DangerLights" type="Node3D" parent="SubViewport/RoomColumn"]
transform = Transform3D(-0.999195, 0, -0.0401317, 0, 1, 0, 0.0401317, 0, -0.999195, 0, 0, 20)

[node name="FogVolume" type="FogVolume" parent="SubViewport/RoomColumn/DangerLights"]
transform = Transform3D(0.611122, 0.00742188, -0.791501, 0.00275932, 0.99993, 0.0115068, 0.791531, -0.00921612, 0.611059, -5.71933, -0.706925, 13.5801)
size = Vector3(32.5796, 3, 39.2004)
material = SubResource("FogMaterial_0edq6")

[node name="SpotLight3D" type="SpotLight3D" parent="SubViewport/RoomColumn/DangerLights"]
transform = Transform3D(0.619779, -0.784776, -3.43037e-08, 0, -4.37114e-08, 1, -0.784776, -0.619779, -2.70914e-08, -10.493, 13.2612, 9.25635)
light_color = Color(0.996723, 1, 0.762783, 1)
light_energy = 0.01
shadow_enabled = true
spot_range = 21.641
spot_attenuation = -2.06
spot_angle = 43.0215
spot_angle_attenuation = 1.6245

[node name="SpotLight3D2" type="SpotLight3D" parent="SubViewport/RoomColumn/DangerLights"]
transform = Transform3D(0.619779, -0.784776, -3.43037e-08, 0, -4.37114e-08, 1, -0.784776, -0.619779, -2.70914e-08, 3.87041, 13.2612, 9.83325)
light_color = Color(0.996723, 1, 0.762783, 1)
light_energy = 0.01
shadow_enabled = true
spot_range = 21.641
spot_attenuation = -2.06
spot_angle = 43.0215
spot_angle_attenuation = 1.6245

[node name="SpotLight3D3" type="SpotLight3D" parent="SubViewport/RoomColumn/DangerLights"]
transform = Transform3D(0.619779, -0.784776, -3.43037e-08, 0, -4.37114e-08, 1, -0.784776, -0.619779, -2.70914e-08, -11.0747, 13.2612, 23.7387)
light_color = Color(0.996723, 1, 0.762783, 1)
light_energy = 0.01
shadow_enabled = true
spot_range = 21.641
spot_attenuation = -2.06
spot_angle = 43.0215
spot_angle_attenuation = 1.6245

[node name="SpotLight3D4" type="SpotLight3D" parent="SubViewport/RoomColumn/DangerLights"]
transform = Transform3D(0.619779, -0.784776, -3.43037e-08, 0, -4.37114e-08, 1, -0.784776, -0.619779, -2.70914e-08, 3.28874, 13.2612, 24.3156)
light_color = Color(0.996723, 1, 0.762783, 1)
light_energy = 0.01
shadow_enabled = true
spot_range = 21.641
spot_attenuation = -2.06
spot_angle = 43.0215
spot_angle_attenuation = 1.6245

[node name="Spotlights" type="Node3D" parent="SubViewport/RoomColumn/DangerLights"]
transform = Transform3D(-8.77108e-10, -0.0200658, 0.499597, 0.5, -2.18557e-08, 1.78931e-15, 2.18381e-08, 0.499597, 0.0200658, -7.26003, 4.20603, 4.70783)

[node name="Spotlight" type="MeshInstance3D" parent="SubViewport/RoomColumn/DangerLights/Spotlights"]
transform = Transform3D(7.10543e-15, 4.37114e-08, -1, 1, -4.37114e-08, 3.55271e-15, -4.37114e-08, -1, -4.37114e-08, 4.01911, 0.00659752, 1.11846)
mesh = SubResource("CapsuleMesh_l2d6o")
skeleton = NodePath("")

[node name="OmniLight3D" type="OmniLight3D" parent="SubViewport/RoomColumn/DangerLights/Spotlights/Spotlight"]
transform = Transform3D(0.433594, 0.893817, 0.114397, 0.205567, 0.0254902, -0.978311, -0.877347, 0.447706, -0.172687, 0.948898, 0.0649261, 0.677778)
light_color = Color(1, 0, 0, 1)
light_energy = 4.231
shadow_enabled = true
omni_range = 1.15
omni_attenuation = 4.007

[node name="Spotlight" type="SpotLight3D" parent="SubViewport/RoomColumn/DangerLights/Spotlights/Spotlight"]
transform = Transform3D(0.501368, 0.1048, -0.858864, 0.581953, -0.775407, 0.245103, -0.640282, -0.622705, -0.449753, 1.67747, 0, 0)
layers = 31
light_color = Color(1, 0, 0, 1)
light_energy = 0.918
light_indirect_energy = 0.0
light_volumetric_fog_energy = 0.001
light_specular = 0.0
shadow_enabled = true
shadow_bias = 0.0
shadow_transmittance_bias = 0.154
spot_range = 27.741
spot_attenuation = -3.4
spot_angle = 22.86

[node name="Spotlight2" type="MeshInstance3D" parent="SubViewport/RoomColumn/DangerLights/Spotlights"]
transform = Transform3D(7.10543e-15, 4.37114e-08, -1, 1, -4.37114e-08, 3.55271e-15, -4.37114e-08, -1, -4.37114e-08, 4.01911, 0.00659752, 15.6689)
mesh = SubResource("CapsuleMesh_l2d6o")
skeleton = NodePath("")

[node name="OmniLight3D" type="OmniLight3D" parent="SubViewport/RoomColumn/DangerLights/Spotlights/Spotlight2"]
transform = Transform3D(0.433594, 0.893817, 0.114397, 0.205567, 0.0254902, -0.978311, -0.877347, 0.447706, -0.172687, 0.948898, 0.0649261, 0.677778)
light_color = Color(1, 0, 0, 1)
light_energy = 4.231
shadow_enabled = true
omni_range = 1.15
omni_attenuation = 4.007

[node name="Spotlight" type="SpotLight3D" parent="SubViewport/RoomColumn/DangerLights/Spotlights/Spotlight2"]
transform = Transform3D(0.501368, 0.1048, -0.858864, 0.581953, -0.775407, 0.245103, -0.640282, -0.622705, -0.449753, 1.67747, 0.94552, 0)
layers = 31
light_color = Color(1, 0, 0, 1)
light_energy = 0.918
light_indirect_energy = 0.0
light_volumetric_fog_energy = 0.001
light_specular = 0.0
shadow_enabled = true
shadow_bias = 0.0
shadow_transmittance_bias = 0.154
spot_range = 27.741
spot_attenuation = -3.4
spot_angle = 22.86

[node name="Spotlight3" type="MeshInstance3D" parent="SubViewport/RoomColumn/DangerLights/Spotlights"]
transform = Transform3D(-4.43682e-08, 8.74179e-08, -1, -0.0150267, 0.999887, 8.80747e-08, 0.999887, 0.0150267, -4.30496e-08, 4.01911, 18.2766, -15.8343)
mesh = SubResource("CapsuleMesh_l2d6o")
skeleton = NodePath("")

[node name="OmniLight3D" type="OmniLight3D" parent="SubViewport/RoomColumn/DangerLights/Spotlights/Spotlight3"]
transform = Transform3D(0.433594, 0.893817, 0.114397, 0.205567, 0.0254902, -0.978311, -0.877347, 0.447706, -0.172687, 0.948898, 0.0649261, 0.677778)
light_color = Color(0.240415, 0.505801, 1, 1)
light_energy = 4.231
shadow_enabled = true
omni_range = 1.15
omni_attenuation = 4.007

[node name="Spotlight" type="SpotLight3D" parent="SubViewport/RoomColumn/DangerLights/Spotlights/Spotlight3"]
transform = Transform3D(0.501368, 0.1048, -0.858864, 0.581953, -0.775407, 0.245103, -0.640282, -0.622705, -0.449753, 1.67747, 0, 0)
layers = 31
light_color = Color(0.240415, 0.505801, 1, 1)
light_energy = 2.459
light_indirect_energy = 0.0
light_volumetric_fog_energy = 0.001
light_specular = 0.0
shadow_enabled = true
shadow_bias = 0.0
shadow_transmittance_bias = 0.154
spot_range = 31.852
spot_attenuation = -2.29
spot_angle = 38.61
spot_angle_attenuation = 0.466516

[node name="Spotlight4" type="MeshInstance3D" parent="SubViewport/RoomColumn/DangerLights/Spotlights"]
transform = Transform3D(-4.43682e-08, 8.74179e-08, -1, -0.0150267, 0.999887, 8.80747e-08, 0.999887, 0.0150267, -4.30496e-08, 4.01911, 34.194, -15.8343)
mesh = SubResource("CapsuleMesh_l2d6o")
skeleton = NodePath("")

[node name="OmniLight3D" type="OmniLight3D" parent="SubViewport/RoomColumn/DangerLights/Spotlights/Spotlight4"]
transform = Transform3D(0.433594, 0.893817, 0.114397, 0.205567, 0.0254902, -0.978311, -0.877347, 0.447706, -0.172687, 0.948898, 0.0649261, 0.677778)
light_color = Color(0.240415, 0.505801, 1, 1)
light_energy = 4.231
shadow_enabled = true
omni_range = 1.15
omni_attenuation = 4.007

[node name="Spotlight" type="SpotLight3D" parent="SubViewport/RoomColumn/DangerLights/Spotlights/Spotlight4"]
transform = Transform3D(0.501368, 0.1048, -0.858864, 0.581953, -0.775407, 0.245103, -0.640282, -0.622705, -0.449753, 1.67747, 0, 0)
layers = 31
light_color = Color(0.240415, 0.505801, 1, 1)
light_energy = 2.459
light_indirect_energy = 0.0
light_volumetric_fog_energy = 0.001
light_specular = 0.0
shadow_enabled = true
shadow_bias = 0.0
shadow_transmittance_bias = 0.154
spot_range = 31.852
spot_attenuation = -2.29
spot_angle = 38.61
spot_angle_attenuation = 0.466516

[node name="NoPowerLights" type="Node3D" parent="SubViewport/RoomColumn"]
transform = Transform3D(-0.999195, 0, -0.0401317, 0, 1, 0, 0.0401317, 0, -0.999195, 0, 0, 20)
visible = false

[node name="FogVolume" type="FogVolume" parent="SubViewport/RoomColumn/NoPowerLights"]
transform = Transform3D(0.611122, 0.00742188, -0.791501, 0.00275932, 0.99993, 0.0115068, 0.791531, -0.00921612, 0.611059, -5.71933, -0.706925, 13.5801)
size = Vector3(32.5796, 3, 39.2004)
material = SubResource("FogMaterial_0edq6")

[node name="SpotLight3D" type="SpotLight3D" parent="SubViewport/RoomColumn/NoPowerLights"]
transform = Transform3D(0.619779, -0.784776, -3.43037e-08, 0, -4.37114e-08, 1, -0.784776, -0.619779, -2.70914e-08, -10.493, 13.2612, 9.25635)
light_color = Color(0.996723, 1, 0.762783, 1)
light_energy = 0.01
shadow_enabled = true
spot_range = 21.641
spot_attenuation = -2.06
spot_angle = 43.0215
spot_angle_attenuation = 1.6245

[node name="SpotLight3D2" type="SpotLight3D" parent="SubViewport/RoomColumn/NoPowerLights"]
transform = Transform3D(0.619779, -0.784776, -3.43037e-08, 0, -4.37114e-08, 1, -0.784776, -0.619779, -2.70914e-08, 3.87041, 13.2612, 9.83325)
light_color = Color(0.996723, 1, 0.762783, 1)
light_energy = 0.01
shadow_enabled = true
spot_range = 21.641
spot_attenuation = -2.06
spot_angle = 43.0215
spot_angle_attenuation = 1.6245

[node name="SpotLight3D3" type="SpotLight3D" parent="SubViewport/RoomColumn/NoPowerLights"]
transform = Transform3D(0.619779, -0.784776, -3.43037e-08, 0, -4.37114e-08, 1, -0.784776, -0.619779, -2.70914e-08, -11.0747, 13.2612, 23.7387)
light_color = Color(0.996723, 1, 0.762783, 1)
light_energy = 0.01
shadow_enabled = true
spot_range = 21.641
spot_attenuation = -2.06
spot_angle = 43.0215
spot_angle_attenuation = 1.6245

[node name="SpotLight3D4" type="SpotLight3D" parent="SubViewport/RoomColumn/NoPowerLights"]
transform = Transform3D(0.619779, -0.784776, -3.43037e-08, 0, -4.37114e-08, 1, -0.784776, -0.619779, -2.70914e-08, 3.28874, 13.2612, 24.3156)
light_color = Color(0.996723, 1, 0.762783, 1)
light_energy = 0.01
shadow_enabled = true
spot_range = 21.641
spot_attenuation = -2.06
spot_angle = 43.0215
spot_angle_attenuation = 1.6245

[node name="MainCamera" type="Camera3D" parent="SubViewport/RoomColumn"]
transform = Transform3D(-0.707107, 0.353553, -0.612373, 0, 0.866026, 0.499999, 0.707107, 0.353553, -0.612373, -24.8661, 22.2572, -23.9335)
projection = 1
size = 30.179
near = 0.007
far = 333.67
